kinematics:
  shoulder:
    x: 0
    y: 0
    z: 0.1520922487530503
    roll: -0
    pitch: 0
    yaw: 1.0788476617618058e-07
  upper_arm:
    x: -0.00011396540580284621
    y: 0
    z: 0
    roll: 1.5725661999275589
    pitch: 0
    yaw: 3.2384662083335826e-06
  forearm:
    x: -0.24375537961893951
    y: 0
    z: 0
    roll: 3.1389182946806806
    pitch: 3.1404115855261425
    yaw: 3.1415684712438794
  wrist_1:
    x: -0.21314720456983677
    y: -0.00057789528968079143
    z: 0.13097399355238362
    roll: 0.0044122617310230041
    pitch: 0.0023831628528244568
    yaw: 1.3484743439586333e-05
  wrist_2:
    x: 9.2750929510154682e-05
    y: -0.085391396853537457
    z: -4.3982590519710828e-05
    roll: 1.5713113972616048
    pitch: 0
    yaw: -2.555321368537256e-06
  wrist_3:
    x: -0.00023879853051699896
    y: 0.092118262058184588
    z: -0.00016356507032712765
    roll: 1.5690207299177992
    pitch: 3.1415926535897931
    yaw: 3.1415924302970746
  hash: calib_10642407994029999959