kinematics:
  shoulder:
    x: 0
    y: 0
    z: 0.15215394031300081
    roll: -0
    pitch: 0
    yaw: 1.8013611678691088e-09
  upper_arm:
    x: -7.9953038012141081e-05
    y: 0
    z: 0
    roll: 1.5714717284237791
    pitch: 0
    yaw: 4.5936375346007509e-06
  forearm:
    x: -0.24369187180014218
    y: 0
    z: 0
    roll: 3.141518533833616
    pitch: 3.1405710902078074
    yaw: 3.141575565310172
  wrist_1:
    x: -0.21319130647571383
    y: -0.0006438061660547339
    z: 0.13091962926122844
    roll: 0.0049175282587823601
    pitch: 0.0019259540735357577
    yaw: 9.1408113085069896e-06
  wrist_2:
    x: 5.9198625163192161e-05
    y: -0.085332453525239757
    z: -9.1687330738501844e-05
    roll: 1.5718707983665756
    pitch: 0
    yaw: -1.7674269122205932e-06
  wrist_3:
    x: -0.00012456993394757639
    y: 0.092289877037915358
    z: -5.654057316015938e-05
    roll: 1.5701836857566691
    pitch: 3.1415926535897931
    yaw: 3.1415925727569296
  hash: calib_14068360495852074415